----Intel(R) Core(TM) i7-3740QM CPU @ 2.70GHz----
1	..................................................
1	..................................................
1	..................................................
1	..................................................
16777216	28,355	0,731466	0,103445
33554432	56,9934	1,48521	0,21004
50331648	81,431	1,54108	0,217942
67108864	110,269	2,05373	0,290441
output_matrix[current_item] = sqrt(input_matrix[current_item]);	1.65134e-06
1	..................................................
1	..................................................
1	..................................................
1	..................................................
16777216	28,3476	0,847627	0,119873
33554432	56,3113	1,7501	0,247502
50331648	82,3692	2,73827	0,38725
67108864	111,186	2,64635	0,37425
output_matrix[current_item] = 42 + sqrt(input_matrix[current_item]);	1.65828e-06
1	..................................................
1	..................................................
1	..................................................
1	..................................................
16777216	28,3781	0,666444	0,0942494
33554432	56,6926	1,15913	0,163926
50331648	82,6416	1,62229	0,229427
67108864	113,537	4,14172	0,585727
output_matrix[current_item] = current_item + sqrt(input_matrix[current_item]);	1.67638e-06
1	..................................................
1	..................................................
1	..................................................
1	..................................................
16777216	28,8626	0,702587	0,0993609
33554432	57,2537	1,53588	0,217206
50331648	83,4064	1,68124	0,237763
67108864	113,347	2,72612	0,385532
output_matrix[current_item] = 42 - sqrt(input_matrix[current_item]);	1.68604e-06
1	..................................................
1	..................................................
1	..................................................
1	..................................................
16777216	28,7765	0,721202	0,101993
33554432	57,2678	1,64097	0,232069
50331648	84,1589	2,225	0,314662
67108864	111,838	2,40549	0,340188
output_matrix[current_item] = current_item - sqrt(input_matrix[current_item]);	1.6811e-06
1	..................................................
1	..................................................
1	..................................................
1	..................................................
16777216	28,3607	0,710292	0,10045
33554432	57,7674	1,8908	0,267399
50331648	83,3811	1,9562	0,276649
67108864	113,248	2,55862	0,361843
output_matrix[current_item] = 42 * sqrt(input_matrix[current_item]);	1.68536e-06
1	..................................................
1	..................................................
1	..................................................
1	..................................................
16777216	28,9099	0,990233	0,14004
33554432	57,5562	1,52775	0,216056
50331648	86,6777	4,71302	0,666521
67108864	112,114	2,80017	0,396004
output_matrix[current_item] = current_item * sqrt(input_matrix[current_item]);	1.70027e-06
1	..................................................
1	..................................................
1	..................................................
1	..................................................
16777216	28,6704	0,867563	0,122692
33554432	58,2203	1,75174	0,247733
50331648	85,7548	1,58677	0,224403
67108864	115,185	3,52506	0,498518
output_matrix[current_item] = 42 / sqrt(input_matrix[current_item]);	1.7156e-06
1	..................................................
1	..................................................
1	..................................................
1	..................................................
16777216	29,6908	1,07832	0,152497
33554432	58,9567	2,09623	0,296452
50331648	88,1558	2,65246	0,375114
67108864	116,342	2,73384	0,386624
output_matrix[current_item] = current_item / sqrt(input_matrix[current_item]);	1.74728e-06


----GeForce GT 650M----
1	..................................................
1	..................................................
1	..................................................
1	..................................................
16777216	6,91214	1,35545	0,191689
33554432	12,3495	1,85453	0,26227
50331648	17,8181	2,05833	0,291092
67108864	23,7998	2,79799	0,395696
output_matrix[current_item] = sqrt(input_matrix[current_item]);	3.62871e-07
1	..................................................
1	..................................................
1	..................................................
1	..................................................
16777216	6,25496	1,07269	0,151702
33554432	11,5308	0,792952	0,11214
50331648	17,7315	2,24036	0,316834
67108864	23,0673	1,58994	0,224851
output_matrix[current_item] = 42 + sqrt(input_matrix[current_item]);	3.49192e-07
1	..................................................
1	..................................................
1	..................................................
1	..................................................
16777216	6,29294	1,17953	0,166811
33554432	11,6931	1,66216	0,235065
50331648	17,4489	2,24389	0,317334
67108864	22,934	2,32929	0,329411
output_matrix[current_item] = current_item + sqrt(input_matrix[current_item]);	3.47906e-07
1	..................................................
1	..................................................
1	..................................................
1	..................................................
16777216	5,72982	0,705762	0,0998099
33554432	12,0791	1,8391	0,260088
50331648	17,3484	1,3932	0,197028
67108864	23,5431	3,02717	0,428107
output_matrix[current_item] = 42 - sqrt(input_matrix[current_item]);	3.49882e-07
1	..................................................
1	..................................................
1	..................................................
1	..................................................
16777216	6,31072	1,18968	0,168246
33554432	12,0753	2,01017	0,284281
50331648	16,9794	1,24418	0,175954
67108864	22,8577	2,10663	0,297922
output_matrix[current_item] = current_item - sqrt(input_matrix[current_item]);	3.47037e-07
1	..................................................
1	..................................................
1	..................................................
1	..................................................
16777216	6,20014	1,04261	0,147447
33554432	11,9126	1,67604	0,237028
50331648	17,4061	1,60917	0,227571
67108864	25,111	4,52735	0,640263
output_matrix[current_item] = 42 * sqrt(input_matrix[current_item]);	3.61382e-07
1	..................................................
1	..................................................
1	..................................................
1	..................................................
16777216	6,18155	1,14191	0,16149
33554432	11,8794	1,87418	0,26505
50331648	17,4338	2,241	0,316925
67108864	22,2148	0,500263	0,0707478
output_matrix[current_item] = current_item * sqrt(input_matrix[current_item]);	3.43976e-07
1	..................................................
1	..................................................
1	..................................................
1	..................................................
16777216	8,52102	0,557725	0,0788743
33554432	16,511	0,805487	0,113913
50331648	24,4665	1,12196	0,158669
67108864	32,8206	0,735879	0,104069
output_matrix[current_item] = 42 / sqrt(input_matrix[current_item]);	4.9066e-07
1	..................................................
1	..................................................
1	..................................................
1	..................................................
16777216	8,48449	0,433266	0,0612731
33554432	16,4949	0,784246	0,110909
50331648	24,7594	0,745256	0,105395
67108864	33,0846	0,681236	0,0963413
output_matrix[current_item] = current_item / sqrt(input_matrix[current_item]);	4.93666e-07


----HD Graphics 4000----
1	..................................................
1	..................................................
1	..................................................
1	..................................................
16777216	18,4419	3,91335	0,553431
33554432	36,278	5,76921	0,815889
50331648	43,2325	5,85777	0,828413
67108864	39,4978	6,38866	0,903493
output_matrix[current_item] = sqrt(input_matrix[current_item]);	8.19267e-07
1	..................................................
1	..................................................
1	..................................................
1	..................................................
16777216	19,6574	2,99343	0,423335
33554432	38,5711	4,15437	0,587516
50331648	45,6082	6,75108	0,954746
67108864	37,8614	6,77432	0,958033
output_matrix[current_item] = 42 + sqrt(input_matrix[current_item]);	8.44587e-07
1	..................................................
1	..................................................
1	..................................................
1	..................................................
16777216	19,0418	4,05619	0,573632
33554432	34,5428	5,37757	0,760503
50331648	44,7763	6,90961	0,977166
67108864	37,4268	4,73198	0,669202
output_matrix[current_item] = current_item + sqrt(input_matrix[current_item]);	8.09358e-07
1	..................................................
1	..................................................
1	..................................................
1	..................................................
16777216	17,2203	4,91917	0,695676
33554432	33,331	5,15473	0,728988
50331648	44,005	7,83998	1,10874
67108864	40,6694	7,15315	1,01161
output_matrix[current_item] = 42 - sqrt(input_matrix[current_item]);	8.06008e-07
1	..................................................
1	..................................................
1	..................................................
1	..................................................
16777216	17,974	3,8919	0,550398
33554432	35,3088	5,90633	0,835282
50331648	44,9843	7,15963	1,01252
67108864	37,4553	4,37237	0,618347
output_matrix[current_item] = current_item - sqrt(input_matrix[current_item]);	8.08969e-07
1	..................................................
1	..................................................
1	..................................................
1	..................................................
16777216	18,2102	4,07685	0,576554
33554432	31,4528	4,97878	0,704106
50331648	44,6634	8,50748	1,20314
67108864	38,1309	5,4542	0,771341
output_matrix[current_item] = 42 * sqrt(input_matrix[current_item]);	7.89507e-07
1	..................................................
1	..................................................
1	..................................................
1	..................................................
16777216	19,4229	3,23542	0,457558
33554432	32,0645	5,04468	0,713425
50331648	46,6044	6,06442	0,857638
67108864	37,5161	5,60319	0,79241
output_matrix[current_item] = current_item * sqrt(input_matrix[current_item]);	8.08286e-07
1	..................................................
1	..................................................
1	..................................................
1	..................................................
16777216	17,3733	5,25803	0,743598
33554432	33,1202	5,3257	0,753168
50331648	46,2573	6,163	0,87158
67108864	38,7	8,49217	1,20097
output_matrix[current_item] = 42 / sqrt(input_matrix[current_item]);	8.07349e-07
1	..................................................
1	..................................................
1	..................................................
1	..................................................
16777216	17,2429	4,96424	0,702049
33554432	36,3088	4,95904	0,701315
50331648	43,2973	6,61067	0,93489
67108864	38,1545	5,56744	0,787355
output_matrix[current_item] = current_item / sqrt(input_matrix[current_item]);	8.04683e-07


Program ended with exit code: 0