----Intel(R) Core(TM) i7-3740QM CPU @ 2.70GHz----
..................................................	2
..................................................	4
..................................................	8
..................................................	16
..................................................	32
..................................................	64
..................................................	128
..................................................	256
..................................................	512
..................................................	1024
..................................................	2048
..................................................	4096
..................................................	8192
..................................................	16384
..................................................	32768
..................................................	65536
..................................................	131072
..................................................	262144
..................................................	524288
..................................................	1048576
..................................................	2097152
..................................................	4194304
..................................................	8388608
..................................................	16777216
..................................................	33554432
..................................................	67108864
2	0,0117725	0,00234379	0,000331461
4	0,0124748	0,00838448	0,00118574
8	0,0175671	0,00529044	0,000748181
16	0,0146007	0,00537519	0,000760166
32	0,0156748	0,00935031	0,00132233
64	0,0150845	0,00283178	0,000400474
128	0,0187856	0,00857579	0,0012128
256	0,0171492	0,0109068	0,00154246
512	0,0204208	0,00727045	0,0010282
1024	0,019921	0,00541848	0,000766289
2048	0,027513	0,0158079	0,00223557
4096	0,0514896	0,0144663	0,00204584
8192	0,0972966	0,0180264	0,00254931
16384	0,143754	0,0252786	0,00357494
32768	0,169264	0,0227783	0,00322134
65536	0,111942	0,0167657	0,00237103
131072	0,212784	0,0319961	0,00452494
262144	0,418474	0,0400438	0,00566304
524288	0,820664	0,0719786	0,0101793
1048576	1,81207	0,135081	0,0191033
2097152	3,4079	0,108225	0,0153054
4194304	6,80499	0,182755	0,0258454
8388608	13,647	0,249082	0,0352255
16777216	28,0878	0,574615	0,0812628
33554432	55,8071	0,875853	0,123864
67108864	110,682	1,74806	0,247213
output_matrix[current_item] = sqrt(input_matrix[current_item]);	1.6575e-06
..................................................	2
..................................................	4
..................................................	8
..................................................	16
..................................................	32
..................................................	64
..................................................	128
..................................................	256
..................................................	512
..................................................	1024
..................................................	2048
..................................................	4096
..................................................	8192
..................................................	16384
..................................................	32768
..................................................	65536
..................................................	131072
..................................................	262144
..................................................	524288
..................................................	1048576
..................................................	2097152
..................................................	4194304
..................................................	8388608
..................................................	16777216
..................................................	33554432
..................................................	67108864
2	0,00974076	0,00708211	0,00100156
4	0,0145514	0,00578978	0,000818798
8	0,016925	0,00651775	0,000921748
16	0,014225	0,00623008	0,000881067
32	0,017061	0,00709549	0,00100345
64	0,0186532	0,00698701	0,000988113
128	0,0224164	0,0147523	0,00208629
256	0,0226738	0,00980885	0,00138718
512	0,0156259	0,00361134	0,000510721
1024	0,0218421	0,00675396	0,000955154
2048	0,0343418	0,0110278	0,00155957
4096	0,0566117	0,0163031	0,0023056
8192	0,094655	0,0179252	0,002535
16384	0,154811	0,0232645	0,0032901
32768	0,160023	0,0194516	0,00275087
65536	0,114518	0,018068	0,00255519
131072	0,221543	0,0377578	0,00533976
262144	0,420705	0,0467904	0,00661716
524288	0,923612	0,0763905	0,0108033
1048576	1,72075	0,112953	0,015974
2097152	3,59637	0,194084	0,0274477
4194304	6,77631	0,148255	0,0209665
8388608	13,6407	0,359236	0,0508037
16777216	27,9699	0,631364	0,0892884
33554432	55,9287	1,85887	0,262884
67108864	109,943	2,1859	0,309133
output_matrix[current_item] = 42 + sqrt(input_matrix[current_item]);	1.65351e-06
..................................................	2
..................................................	4
..................................................	8
..................................................	16
..................................................	32
..................................................	64
..................................................	128
..................................................	256
..................................................	512
..................................................	1024
..................................................	2048
..................................................	4096
..................................................	8192
..................................................	16384
..................................................	32768
..................................................	65536
..................................................	131072
..................................................	262144
..................................................	524288
..................................................	1048576
..................................................	2097152
..................................................	4194304
..................................................	8388608
..................................................	16777216
..................................................	33554432
..................................................	67108864
2	0,00890998	0,00377534	0,000533914
4	0,0172089	0,00740778	0,00104762
8	0,0189658	0,00800611	0,00113224
16	0,012913	0,00472942	0,00066884
32	0,0184809	0,00772491	0,00109247
64	0,0206661	0,00836922	0,00118359
128	0,0208855	0,00991935	0,00140281
256	0,019133	0,00676506	0,000956724
512	0,0205801	0,00799302	0,00113038
1024	0,0220591	0,00734187	0,0010383
2048	0,0377273	0,0105949	0,00149834
4096	0,0532295	0,0168466	0,00238246
8192	0,0924747	0,0171243	0,00242174
16384	0,150095	0,0248048	0,00350793
32768	0,159741	0,0233654	0,00330436
65536	0,118233	0,024039	0,00339963
131072	0,227608	0,0383178	0,00541895
262144	0,475013	0,045599	0,00644867
524288	0,884185	0,0682322	0,00964949
1048576	1,76966	0,128065	0,0181111
2097152	3,42999	0,178766	0,0252814
4194304	6,63424	0,212126	0,0299992
8388608	13,4266	0,513837	0,0726675
16777216	27,9314	1,15855	0,163844
33554432	55,7557	1,75693	0,248467
67108864	109,551	3,84018	0,543083
output_matrix[current_item] = current_item + sqrt(input_matrix[current_item]);	1.64566e-06
..................................................	2
..................................................	4
..................................................	8
..................................................	16
..................................................	32
..................................................	64
..................................................	128
..................................................	256
..................................................	512
..................................................	1024
..................................................	2048
..................................................	4096
..................................................	8192
..................................................	16384
..................................................	32768
..................................................	65536
..................................................	131072
..................................................	262144
..................................................	524288
..................................................	1048576
..................................................	2097152
..................................................	4194304
..................................................	8388608
..................................................	16777216
..................................................	33554432
..................................................	67108864
2	0,0111077	0,0028246	0,000399458
4	0,0143636	0,00530736	0,000750574
8	0,0169178	0,00716492	0,00101327
16	0,0183548	0,00671495	0,000949637
32	0,0203987	0,00894409	0,00126489
64	0,0208885	0,00804978	0,00113841
128	0,0196684	0,00649255	0,000918185
256	0,021913	0,00727965	0,0010295
512	0,0190273	0,00610519	0,000863404
1024	0,0201195	0,00611447	0,000864717
2048	0,0339786	0,010978	0,00155253
4096	0,0534751	0,0169627	0,00239889
8192	0,0881253	0,0189636	0,00268185
16384	0,150902	0,029594	0,00418522
32768	0,162276	0,0246288	0,00348303
65536	0,110548	0,0168399	0,00238152
131072	0,212347	0,0348409	0,00492724
262144	0,43056	0,0460809	0,00651682
524288	0,875927	0,0753882	0,0106615
1048576	1,72376	0,117232	0,016579
2097152	3,40102	0,114393	0,0161776
4194304	7,03575	0,251098	0,0355106
8388608	13,9086	0,681797	0,0964206
16777216	27,9185	0,481426	0,0680839
33554432	56,3229	2,1004	0,297042
67108864	109,752	2,48717	0,351739
output_matrix[current_item] = 42 - sqrt(input_matrix[current_item]);	1.65674e-06
..................................................	2
..................................................	4
..................................................	8
..................................................	16
..................................................	32
..................................................	64
..................................................	128
..................................................	256
..................................................	512
..................................................	1024
..................................................	2048
..................................................	4096
..................................................	8192
..................................................	16384
..................................................	32768
..................................................	65536
..................................................	131072
..................................................	262144
..................................................	524288
..................................................	1048576
..................................................	2097152
..................................................	4194304
..................................................	8388608
..................................................	16777216
..................................................	33554432
..................................................	67108864
2	0,00830464	0,00338782	0,00047911
4	0,0153122	0,00549437	0,000777021
8	0,0182688	0,0128502	0,0018173
16	0,0144924	0,00500176	0,000707356
32	0,0144196	0,00348052	0,00049222
64	0,0170862	0,00483131	0,00068325
128	0,018807	0,00532241	0,000752702
256	0,0187226	0,00511155	0,000722883
512	0,0209175	0,0137422	0,00194344
1024	0,0192886	0,0048805	0,000690208
2048	0,0336927	0,0136565	0,00193132
4096	0,0571014	0,0141417	0,00199994
8192	0,0930349	0,0180351	0,00255055
16384	0,160725	0,0165217	0,00233652
32768	0,160695	0,0211624	0,00299281
65536	0,119096	0,016423	0,00232256
131072	0,216981	0,0299919	0,00424149
262144	0,437857	0,0459862	0,00650343
524288	0,861795	0,0825578	0,0116754
1048576	1,86772	0,167524	0,0236914
2097152	3,66616	0,197494	0,0279299
4194304	6,85922	0,345662	0,048884
8388608	14,0441	0,556717	0,0787316
16777216	27,884	0,709142	0,100288
33554432	55,414	1,83815	0,259954
67108864	109,301	1,90207	0,268993
output_matrix[current_item] = current_item - sqrt(input_matrix[current_item]);	1.64914e-06
..................................................	2
..................................................	4
..................................................	8
..................................................	16
..................................................	32
..................................................	64
..................................................	128
..................................................	256
..................................................	512
..................................................	1024
..................................................	2048
..................................................	4096
..................................................	8192
..................................................	16384
..................................................	32768
..................................................	65536
..................................................	131072
..................................................	262144
..................................................	524288
..................................................	1048576
..................................................	2097152
..................................................	4194304
..................................................	8388608
..................................................	16777216
..................................................	33554432
..................................................	67108864
2	0,00948208	0,00400548	0,00056646
4	0,0158269	0,00600623	0,000849409
8	0,0171538	0,0060122	0,000850253
16	0,0161147	0,00579515	0,000819557
32	0,0138946	0,0056091	0,000793247
64	0,0220524	0,00856916	0,00121186
128	0,0209588	0,00983145	0,00139038
256	0,0200546	0,00839196	0,0011868
512	0,0201764	0,00568635	0,000804171
1024	0,0211359	0,00794945	0,00112422
2048	0,0320025	0,010149	0,00143528
4096	0,0539146	0,0132556	0,00187462
8192	0,0901	0,0177547	0,00251089
16384	0,146964	0,0244075	0,00345174
32768	0,163099	0,0158646	0,00224359
65536	0,12055	0,0186543	0,00263812
131072	0,212019	0,0288795	0,00408417
262144	0,460111	0,0499288	0,007061
524288	0,833363	0,0696285	0,00984695
1048576	1,764	0,109778	0,0155249
2097152	3,51014	0,131249	0,0185614
4194304	6,71989	0,158175	0,0223693
8388608	13,8594	0,670434	0,0948137
16777216	27,9842	0,702634	0,0993674
33554432	56,716	1,61939	0,229017
67108864	110,036	2,16766	0,306554
output_matrix[current_item] = 42 * sqrt(input_matrix[current_item]);	1.66057e-06
..................................................	2
..................................................	4
..................................................	8
..................................................	16
..................................................	32
..................................................	64
..................................................	128
..................................................	256
..................................................	512
..................................................	1024
..................................................	2048
..................................................	4096
..................................................	8192
..................................................	16384
..................................................	32768
..................................................	65536
..................................................	131072
..................................................	262144
..................................................	524288
..................................................	1048576
..................................................	2097152
..................................................	4194304
..................................................	8388608
..................................................	16777216
..................................................	33554432
..................................................	67108864
2	0,0105937	0,00502031	0,000709979
4	0,0142065	0,00607833	0,000859606
8	0,0164252	0,00802303	0,00113463
16	0,0162763	0,00704626	0,000996491
32	0,0186744	0,00644934	0,000912074
64	0,0193393	0,00768063	0,0010862
128	0,0203057	0,00779551	0,00110245
256	0,0177906	0,00488086	0,000690258
512	0,022666	0,00747236	0,00105675
1024	0,0215608	0,00789039	0,00111587
2048	0,0365298	0,0126289	0,00178599
4096	0,0531005	0,0143084	0,00202351
8192	0,0926571	0,0211036	0,0029845
16384	0,149145	0,0294883	0,00417027
32768	0,149781	0,0253896	0,00359064
65536	0,11628	0,018435	0,0026071
131072	0,225705	0,0386547	0,00546661
262144	0,439396	0,0504814	0,00713914
524288	0,896857	0,0684664	0,00968262
1048576	1,77448	0,10843	0,0153344
2097152	3,39846	0,195468	0,0276433
4194304	6,72898	0,211003	0,0298403
8388608	13,6446	0,502766	0,0711018
16777216	28,7024	1,13598	0,160651
33554432	56,5311	1,90751	0,269763
67108864	109,162	2,19087	0,309835
output_matrix[current_item] = current_item * sqrt(input_matrix[current_item]);	1.65611e-06
..................................................	2
..................................................	4
..................................................	8
..................................................	16
..................................................	32
..................................................	64
..................................................	128
..................................................	256
..................................................	512
..................................................	1024
..................................................	2048
..................................................	4096
..................................................	8192
..................................................	16384
..................................................	32768
..................................................	65536
..................................................	131072
..................................................	262144
..................................................	524288
..................................................	1048576
..................................................	2097152
..................................................	4194304
..................................................	8388608
..................................................	16777216
..................................................	33554432
..................................................	67108864
2	0,0089447	0,00350535	0,000495732
4	0,0171348	0,00712423	0,00100752
8	0,0199553	0,00630294	0,000891371
16	0,0136701	0,00608396	0,000860402
32	0,0203022	0,00894057	0,00126439
64	0,0223949	0,00983069	0,00139027
128	0,0209708	0,0146479	0,00207152
256	0,0208886	0,00797973	0,0011285
512	0,0255563	0,00671605	0,000949793
1024	0,0261251	0,0158004	0,00223452
2048	0,0337582	0,0103981	0,00147051
4096	0,0539405	0,0121475	0,00171792
8192	0,0973049	0,0199023	0,00281461
16384	0,162408	0,0222803	0,0031509
32768	0,1588	0,023228	0,00328494
65536	0,131426	0,0208311	0,00294597
131072	0,240653	0,0377556	0,00533945
262144	0,456722	0,0451927	0,00639122
524288	0,907542	0,0672306	0,00950785
1048576	1,85638	0,160414	0,022686
2097152	3,66116	0,30323	0,0428832
4194304	7,32285	0,543137	0,0768112
8388608	16,3048	0,710976	0,100547
16777216	28,5264	1,76659	0,249833
33554432	55,2898	1,33782	0,189196
67108864	111,138	5,46618	0,773034
output_matrix[current_item] = 42 / sqrt(input_matrix[current_item]);	1.68784e-06
..................................................	2
..................................................	4
..................................................	8
..................................................	16
..................................................	32
..................................................	64
..................................................	128
..................................................	256
..................................................	512
..................................................	1024
..................................................	2048
..................................................	4096
..................................................	8192
..................................................	16384
..................................................	32768
..................................................	65536
..................................................	131072
..................................................	262144
..................................................	524288
..................................................	1048576
..................................................	2097152
..................................................	4194304
..................................................	8388608
..................................................	16777216
..................................................	33554432
..................................................	67108864
2	0,00970466	0,00356083	0,000503578
4	0,0164828	0,00576051	0,000814659
8	0,0192824	0,00925691	0,00130912
16	0,0139159	0,00603082	0,000852886
32	0,0202119	0,00863118	0,00122063
64	0,0191838	0,00518732	0,000733598
128	0,0194452	0,0128125	0,00181196
256	0,0187242	0,00445627	0,000630211
512	0,0207639	0,00739329	0,00104557
1024	0,0230997	0,00462858	0,00065458
2048	0,0385173	0,0149517	0,00211448
4096	0,0568608	0,0193226	0,00273263
8192	0,102216	0,0254535	0,00359967
16384	0,155478	0,0248146	0,00350932
32768	0,160776	0,0225592	0,00319036
65536	0,134509	0,0179451	0,00253782
131072	0,244353	0,0337772	0,00477681
262144	0,475907	0,0409433	0,00579025
524288	0,947178	0,0856986	0,0121196
1048576	1,972	0,173518	0,0245392
2097152	3,86938	0,352551	0,0498582
4194304	7,07124	0,557656	0,0788645
8388608	14,7806	0,717486	0,101468
16777216	28,052	0,829849	0,117358
33554432	56,1587	1,39598	0,197422
67108864	112,207	2,72902	0,385942
output_matrix[current_item] = current_item / sqrt(input_matrix[current_item]);	1.68836e-06


----GeForce GT 650M----
..................................................	2
..................................................	4
..................................................	8
..................................................	16
..................................................	32
..................................................	64
..................................................	128
..................................................	256
..................................................	512
..................................................	1024
..................................................	2048
..................................................	4096
..................................................	8192
..................................................	16384
..................................................	32768
..................................................	65536
..................................................	131072
..................................................	262144
..................................................	524288
..................................................	1048576
..................................................	2097152
..................................................	4194304
..................................................	8388608
..................................................	16777216
..................................................	33554432
..................................................	67108864
2	0,00907264	0,00221046	0,000312606
4	0,00864512	0,0016185	0,00022889
8	0,0092384	0,00224743	0,000317835
16	0,00908032	0,0021547	0,00030472
32	0,00810304	0,00174416	0,000246661
64	0,00801984	0,00158804	0,000224583
128	0,00872064	0,00246127	0,000348077
256	0,00854016	0,00226023	0,000319645
512	0,00850752	0,00240734	0,00034045
1024	0,0056832	0,00276577	0,000391139
2048	0,0043648	0,00063185	8,93571e-05
4096	0,00461312	0,000642261	9,08294e-05
8192	0,00613504	0,000909221	0,000128583
16384	0,00953984	0,002127	0,000300804
32768	0,0216435	0,00134862	0,000190724
65536	0,0418234	0,00295061	0,00041728
131072	0,0772057	0,00368658	0,000521361
262144	0,160378	0,0458848	0,00648909
524288	0,355002	0,137925	0,0195056
1048576	0,640374	0,219343	0,0310198
2097152	1,18552	0,270673	0,0382789
4194304	2,25022	0,029295	0,00414293
8388608	4,7036	1,08717	0,153749
16777216	8,17432	2,05753	0,290979
33554432	13,1958	2,38437	0,337201
67108864	23,7979	2,64721	0,374372
output_matrix[current_item] = sqrt(input_matrix[current_item]);	4.07637e-07
..................................................	2
..................................................	4
..................................................	8
..................................................	16
..................................................	32
..................................................	64
..................................................	128
..................................................	256
..................................................	512
..................................................	1024
..................................................	2048
..................................................	4096
..................................................	8192
..................................................	16384
..................................................	32768
..................................................	65536
..................................................	131072
..................................................	262144
..................................................	524288
..................................................	1048576
..................................................	2097152
..................................................	4194304
..................................................	8388608
..................................................	16777216
..................................................	33554432
..................................................	67108864
2	0,00392832	0,000634509	8,97331e-05
4	0,0038976	0,000615295	8,70158e-05
8	0,00385792	0,000573716	8,11356e-05
16	0,00397952	0,000675513	9,5532e-05
32	0,00394944	0,000594746	8,41098e-05
64	0,00404032	0,000709965	0,000100404
128	0,00394112	0,000430363	6,08626e-05
256	0,00406976	0,000642044	9,07987e-05
512	0,00433344	0,00072142	0,000102024
1024	0,00435584	0,000683444	9,66536e-05
2048	0,00438336	0,000647515	9,15724e-05
4096	0,00450496	0,000851447	0,000120413
8192	0,00576448	0,000852961	0,000120627
16384	0,00849088	0,00102252	0,000144606
32768	0,0146413	0,000580489	8,20935e-05
65536	0,0270688	0,00133655	0,000189017
131072	0,0492736	0,00109726	0,000155176
262144	0,13505	0,0109303	0,00154577
524288	0,267811	0,00711342	0,00100599
1048576	0,537299	0,0120788	0,0017082
2097152	1,18897	0,27392	0,0387381
4194304	2,26168	0,422614	0,0597666
8388608	4,5527	0,787033	0,111303
16777216	7,93833	1,25202	0,177062
33554432	13,1938	2,49763	0,353218
67108864	23,8247	2,84747	0,402694
output_matrix[current_item] = 42 + sqrt(input_matrix[current_item]);	4.0274e-07
..................................................	2
..................................................	4
..................................................	8
..................................................	16
..................................................	32
..................................................	64
..................................................	128
..................................................	256
..................................................	512
..................................................	1024
..................................................	2048
..................................................	4096
..................................................	8192
..................................................	16384
..................................................	32768
..................................................	65536
..................................................	131072
..................................................	262144
..................................................	524288
..................................................	1048576
..................................................	2097152
..................................................	4194304
..................................................	8388608
..................................................	16777216
..................................................	33554432
..................................................	67108864
2	0,00363904	0,000930711	0,000131622
4	0,00338176	0,000667943	9,44614e-05
8	0,00339008	0,000574744	8,1281e-05
16	0,00362624	0,00103616	0,000146535
32	0,00351808	0,000939902	0,000132922
64	0,00338944	0,000508882	7,19668e-05
128	0,00361664	0,00104352	0,000147576
256	0,00375936	0,000955488	0,000135126
512	0,00372864	0,000843407	0,000119276
1024	0,00373888	0,00076178	0,000107732
2048	0,00383424	0,000833673	0,000117899
4096	0,00395264	0,000860431	0,000121683
8192	0,00523968	0,000991669	0,000140243
16384	0,00826944	0,00331644	0,000469015
32768	0,0206771	0,00160769	0,000227362
65536	0,0393062	0,0019754	0,000279364
131072	0,0730311	0,00320024	0,000452582
262144	0,14086	0,00517529	0,000731896
524288	0,282425	0,0127677	0,00180562
1048576	0,661182	0,235002	0,0332343
2097152	1,20298	0,31636	0,0447401
4194304	2,23798	0,0390333	0,00552014
8388608	4,79848	1,32172	0,18692
16777216	7,87873	1,27548	0,180379
33554432	12,5124	2,25879	0,319441
67108864	23,8779	3,7752	0,533894
output_matrix[current_item] = current_item + sqrt(input_matrix[current_item]);	4.00715e-07
..................................................	2
..................................................	4
..................................................	8
..................................................	16
..................................................	32
..................................................	64
..................................................	128
..................................................	256
..................................................	512
..................................................	1024
..................................................	2048
..................................................	4096
..................................................	8192
..................................................	16384
..................................................	32768
..................................................	65536
..................................................	131072
..................................................	262144
..................................................	524288
..................................................	1048576
..................................................	2097152
..................................................	4194304
..................................................	8388608
..................................................	16777216
..................................................	33554432
..................................................	67108864
2	0,00380096	0,000422717	5,97812e-05
4	0,00390272	0,000631021	8,92399e-05
8	0,00385088	0,000497409	7,03442e-05
16	0,00387584	0,00060123	8,50268e-05
32	0,0038784	0,000620705	8,7781e-05
64	0,0038688	0,000711449	0,000100614
128	0,004032	0,000653219	9,23791e-05
256	0,0039616	0,000458786	6,48821e-05
512	0,00435776	0,000719842	0,000101801
1024	0,00440704	0,000734424	0,000103863
2048	0,00440192	0,000688274	9,73367e-05
4096	0,00445248	0,00068827	9,73361e-05
8192	0,00569216	0,000745203	0,000105388
16384	0,00867968	0,00105463	0,000149148
32768	0,0153133	0,00112046	0,000158457
65536	0,026887	0,000698226	9,87441e-05
131072	0,0500077	0,00172508	0,000243963
262144	0,116762	0,0204703	0,00289494
524288	0,267172	0,00530692	0,000750511
1048576	0,536901	0,0133444	0,00188718
2097152	1,20882	0,344702	0,0487482
4194304	2,24216	0,03089	0,0043685
8388608	4,57382	0,792658	0,112099
16777216	7,61816	2,2333	0,315837
33554432	13,5855	2,6442	0,373946
67108864	23,8241	2,74648	0,388412
output_matrix[current_item] = 42 - sqrt(input_matrix[current_item]);	4.03291e-07
..................................................	2
..................................................	4
..................................................	8
..................................................	16
..................................................	32
..................................................	64
..................................................	128
..................................................	256
..................................................	512
..................................................	1024
..................................................	2048
..................................................	4096
..................................................	8192
..................................................	16384
..................................................	32768
..................................................	65536
..................................................	131072
..................................................	262144
..................................................	524288
..................................................	1048576
..................................................	2097152
..................................................	4194304
..................................................	8388608
..................................................	16777216
..................................................	33554432
..................................................	67108864
2	0,00395072	0,000429822	6,0786e-05
4	0,00409536	0,000757465	0,000107122
8	0,0039872	0,000626236	8,85631e-05
16	0,0040352	0,000603922	8,54074e-05
32	0,00409728	0,000702007	9,92788e-05
64	0,00367616	0,000548443	7,75616e-05
128	0,00366976	0,000484849	6,8568e-05
256	0,00369984	0,000596843	8,44064e-05
512	0,00366144	0,00051962	7,34854e-05
1024	0,00364544	0,00028408	4,01749e-05
2048	0,00381824	0,000492758	6,96866e-05
4096	0,0038816	0,000404475	5,72013e-05
8192	0,00515136	0,000722705	0,000102206
16384	0,00774208	0,000887055	0,000125449
32768	0,0191578	0,00219712	0,000310719
65536	0,037913	0,00189012	0,000267304
131072	0,0698758	0,0024553	0,000347232
262144	0,138765	0,00533762	0,000754854
524288	0,27113	0,0079244	0,00112068
1048576	0,55285	0,0212643	0,00300723
2097152	1,22288	0,362003	0,0511949
4194304	2,36019	0,5378	0,0760564
8388608	5,1352	1,81434	0,256586
16777216	8,25068	1,11344	0,157464
33554432	12,846	2,39969	0,339367
67108864	24,1279	3,99611	0,565135
output_matrix[current_item] = current_item - sqrt(input_matrix[current_item]);	4.10465e-07
..................................................	2
..................................................	4
..................................................	8
..................................................	16
..................................................	32
..................................................	64
..................................................	128
..................................................	256
..................................................	512
..................................................	1024
..................................................	2048
..................................................	4096
..................................................	8192
..................................................	16384
..................................................	32768
..................................................	65536
..................................................	131072
..................................................	262144
..................................................	524288
..................................................	1048576
..................................................	2097152
..................................................	4194304
..................................................	8388608
..................................................	16777216
..................................................	33554432
..................................................	67108864
2	0,004	0,000479368	6,77929e-05
4	0,00403648	0,000606676	8,57969e-05
8	0,0040928	0,000647668	9,15941e-05
16	0,00390016	0,000602966	8,52722e-05
32	0,00366208	0,000555731	7,85922e-05
64	0,00370048	0,00060297	8,52728e-05
128	0,0037024	0,000522634	7,39117e-05
256	0,0035904	0,000249719	3,53156e-05
512	0,00391104	0,000592817	8,3837e-05
1024	0,00390208	0,000530893	7,50796e-05
2048	0,00397376	0,000624521	8,83206e-05
4096	0,00407744	0,000738341	0,000104417
8192	0,00528768	0,000658208	9,30847e-05
16384	0,00787392	0,000799606	0,000113081
32768	0,0198784	0,00113248	0,000160157
65536	0,0380282	0,00202129	0,000285854
131072	0,0707661	0,00279467	0,000395225
262144	0,137663	0,00445879	0,000630569
524288	0,272499	0,00922554	0,00130469
1048576	0,561485	0,0199325	0,00281889
2097152	1,2116	0,343885	0,0486327
4194304	2,25074	0,0371001	0,00524675
8388608	4,93248	1,49731	0,211752
16777216	9,04571	1,59291	0,225272
33554432	13,8603	2,71827	0,384422
67108864	23,5679	2,97919	0,421322
output_matrix[current_item] = 42 * sqrt(input_matrix[current_item]);	4.17447e-07
..................................................	2
..................................................	4
..................................................	8
..................................................	16
..................................................	32
..................................................	64
..................................................	128
..................................................	256
..................................................	512
..................................................	1024
..................................................	2048
..................................................	4096
..................................................	8192
..................................................	16384
..................................................	32768
..................................................	65536
..................................................	131072
..................................................	262144
..................................................	524288
..................................................	1048576
..................................................	2097152
..................................................	4194304
..................................................	8388608
..................................................	16777216
..................................................	33554432
..................................................	67108864
2	0,00412608	0,000865617	0,000122417
4	0,0039904	0,000566092	8,00574e-05
8	0,00405248	0,000703904	9,9547e-05
16	0,00394944	0,000538269	7,61227e-05
32	0,00398016	0,000595652	8,42379e-05
64	0,00405568	0,000643153	9,09556e-05
128	0,00400128	0,000576216	8,14893e-05
256	0,00402816	0,000710019	0,000100412
512	0,00410624	0,000758732	0,000107301
1024	0,00403648	0,000587211	8,30442e-05
2048	0,004112	0,00062474	8,83516e-05
4096	0,00380992	0,000512058	7,24159e-05
8192	0,00501632	0,000968961	0,000137032
16384	0,00742336	0,00159663	0,000225798
32768	0,0197818	0,000889321	0,000125769
65536	0,0385069	0,00291723	0,000412558
131072	0,0711533	0,00424364	0,000600141
262144	0,138579	0,00579263	0,000819202
524288	0,271951	0,00821545	0,00116184
1048576	0,55969	0,0213959	0,00302584
2097152	1,22247	0,396436	0,0560646
4194304	2,24011	0,0320184	0,00452808
8388608	4,71394	1,10361	0,156074
16777216	9,11646	2,25293	0,318612
33554432	13,8451	2,85405	0,403623
67108864	23,5996	3,29569	0,46608
output_matrix[current_item] = current_item * sqrt(input_matrix[current_item]);	4.16473e-07
..................................................	2
..................................................	4
..................................................	8
..................................................	16
..................................................	32
..................................................	64
..................................................	128
..................................................	256
..................................................	512
..................................................	1024
..................................................	2048
..................................................	4096
..................................................	8192
..................................................	16384
..................................................	32768
..................................................	65536
..................................................	131072
..................................................	262144
..................................................	524288
..................................................	1048576
..................................................	2097152
..................................................	4194304
..................................................	8388608
..................................................	16777216
..................................................	33554432
..................................................	67108864
2	0,00531968	0,000654834	9,26075e-05
4	0,0054624	0,000916073	0,000129552
8	0,00529408	0,000742014	0,000104937
16	0,00539072	0,000785839	0,000111134
32	0,00541568	0,000876274	0,000123924
64	0,00527296	0,000683281	9,66305e-05
128	0,00530816	0,000674085	9,533e-05
256	0,0053792	0,000843902	0,000119346
512	0,00531712	0,000715231	0,000101149
1024	0,00537344	0,000648783	9,17518e-05
2048	0,005424	0,000690429	9,76415e-05
4096	0,00587776	0,000703835	9,95373e-05
8192	0,00747072	0,000598812	8,46848e-05
16384	0,0114867	0,00117221	0,000165776
32768	0,0197357	0,000502392	7,10489e-05
65536	0,0416986	0,00357799	0,000506004
131072	0,0802938	0,00315306	0,000445911
262144	0,155352	0,00604882	0,000855433
524288	0,314154	0,0116997	0,00165459
1048576	0,651724	0,0202528	0,00286418
2097152	1,44315	0,417268	0,0590106
4194304	2,56936	0,0342693	0,00484641
8388608	5,5605	1,19759	0,169365
16777216	9,30444	1,03023	0,145696
33554432	17,054	1,13351	0,160303
67108864	32,7713	1,04653	0,148002
output_matrix[current_item] = 42 / sqrt(input_matrix[current_item]);	5.2191e-07
..................................................	2
..................................................	4
..................................................	8
..................................................	16
..................................................	32
..................................................	64
..................................................	128
..................................................	256
..................................................	512
..................................................	1024
..................................................	2048
..................................................	4096
..................................................	8192
..................................................	16384
..................................................	32768
..................................................	65536
..................................................	131072
..................................................	262144
..................................................	524288
..................................................	1048576
..................................................	2097152
..................................................	4194304
..................................................	8388608
..................................................	16777216
..................................................	33554432
..................................................	67108864
2	0,00529152	0,000807055	0,000114135
4	0,00531904	0,000819174	0,000115849
8	0,00525824	0,000812646	0,000114926
16	0,00523968	0,000839795	0,000118765
32	0,00528576	0,000841955	0,00011907
64	0,00520448	0,000768972	0,000108749
128	0,00530368	0,000842975	0,000119215
256	0,00532416	0,000954365	0,000134968
512	0,00535104	0,000628643	8,89036e-05
1024	0,0053952	0,000630028	8,90995e-05
2048	0,00506688	0,00065122	9,20963e-05
4096	0,00505856	0,000598904	8,46978e-05
8192	0,00675392	0,00128025	0,000181055
16384	0,0101978	0,00148584	0,00021013
32768	0,0232787	0,00236595	0,000334596
65536	0,0444634	0,00262068	0,00037062
131072	0,0829216	0,0031356	0,00044344
262144	0,163716	0,0052668	0,000744837
524288	0,322818	0,00784796	0,00110987
1048576	0,675979	0,0199096	0,00281564
2097152	1,46227	0,368939	0,0521758
4194304	2,72049	0,027709	0,00391864
8388608	5,64323	1,17034	0,165511
16777216	9,74193	0,932389	0,13186
33554432	17,5194	1,16801	0,165181
67108864	33,7543	1,62991	0,230504
output_matrix[current_item] = current_item / sqrt(input_matrix[current_item]);	5.38191e-07


----HD Graphics 4000----
..................................................	2
..................................................	4
..................................................	8
..................................................	16
..................................................	32
..................................................	64
..................................................	128
..................................................	256
..................................................	512
..................................................	1024
..................................................	2048
..................................................	4096
..................................................	8192
..................................................	16384
..................................................	32768
..................................................	65536
..................................................	131072
..................................................	262144
..................................................	524288
..................................................	1048576
..................................................	2097152
..................................................	4194304
..................................................	8388608
..................................................	16777216
..................................................	33554432
..................................................	67108864
2	0,0059776	0,00288277	0,000407685
4	0,0029376	3,62845e-05	5,13141e-06
8	0,0030976	4,58284e-05	6,48111e-06
16	0,0031008	3,81104e-05	5,38963e-06
32	0,0032176	9,04086e-05	1,27857e-05
64	0,003456	8,24126e-05	1,16549e-05
128	0,003528	9,45883e-05	1,33768e-05
256	0,0037488	3,96227e-05	5,60349e-06
512	0,0038816	4,03738e-05	5,70972e-06
1024	0,0045136	9,1557e-05	1,29481e-05
2048	0,0052528	4,74252e-05	6,70694e-06
4096	0,0068336	0,000230897	3,26537e-05
8192	0,0099968	6,6561e-05	9,41315e-06
16384	0,01712	0,000439963	6,22201e-05
32768	0,0321392	0,00490689	0,000693939
65536	0,0611728	0,00333345	0,00047142
131072	0,127573	0,00915774	0,0012951
262144	0,328542	0,0291467	0,00412197
524288	0,681933	0,0101959	0,00144192
1048576	1,3454	0,0136545	0,00193103
2097152	2,68435	0,0611287	0,0086449
4194304	5,33036	0,043652	0,00617333
8388608	10,6545	0,0608484	0,00860526
16777216	20,9545	1,04402	0,147647
33554432	32,2855	4,69408	0,663843
67108864	41,7631	4,77826	0,675749
output_matrix[current_item] = sqrt(input_matrix[current_item]);	8.66694e-07
..................................................	2
..................................................	4
..................................................	8
..................................................	16
..................................................	32
..................................................	64
..................................................	128
..................................................	256
..................................................	512
..................................................	1024
..................................................	2048
..................................................	4096
..................................................	8192
..................................................	16384
..................................................	32768
..................................................	65536
..................................................	131072
..................................................	262144
..................................................	524288
..................................................	1048576
..................................................	2097152
..................................................	4194304
..................................................	8388608
..................................................	16777216
..................................................	33554432
..................................................	67108864
2	0,0044992	0,00127105	0,000179753
4	0,0042112	7,36412e-05	1,04144e-05
8	0,0042896	0,000154932	2,19107e-05
16	0,0045104	4,53988e-05	6,42036e-06
32	0,0045952	0,000135379	1,91455e-05
64	0,0051344	3,85535e-05	5,45229e-06
128	0,0051984	4,11747e-05	5,82298e-06
256	0,0057312	0,000158161	2,23673e-05
512	0,005976	5,42105e-05	7,66653e-06
1024	0,0071088	0,000279946	3,95904e-05
2048	0,00832	6,85713e-05	9,69745e-06
4096	0,0111056	0,000498079	7,04389e-05
8192	0,0166992	0,000620901	8,78086e-05
16384	0,033552	0,00458595	0,000648551
32768	0,06048	0,00426042	0,000602514
65536	0,101437	0,00387565	0,0005481
131072	0,18439	0,00472249	0,000667861
262144	0,349949	0,00730122	0,00103255
524288	0,68419	0,0141475	0,00200077
1048576	1,34575	0,0189112	0,00267445
2097152	2,67596	0,0305563	0,00432131
4194304	5,3358	0,0492417	0,00696383
8388608	10,6652	0,0657649	0,00930056
16777216	20,2468	1,82207	0,257679
33554432	37,9319	3,93821	0,556947
67108864	39,1699	4,84361	0,68499
output_matrix[current_item] = 42 + sqrt(input_matrix[current_item]);	8.85671e-07
..................................................	2
..................................................	4
..................................................	8
..................................................	16
..................................................	32
..................................................	64
..................................................	128
..................................................	256
..................................................	512
..................................................	1024
..................................................	2048
..................................................	4096
..................................................	8192
..................................................	16384
..................................................	32768
..................................................	65536
..................................................	131072
..................................................	262144
..................................................	524288
..................................................	1048576
..................................................	2097152
..................................................	4194304
..................................................	8388608
..................................................	16777216
..................................................	33554432
..................................................	67108864
2	0,0058784	0,0022488	0,000318029
4	0,00444	0,00142791	0,000201937
8	0,0039248	3,75929e-05	5,31645e-06
16	0,0041216	0,000131543	1,8603e-05
32	0,0042096	4,24245e-05	5,99974e-06
64	0,004608	0,00017852	2,52466e-05
128	0,0047984	3,78698e-05	5,35559e-06
256	0,004968	0,000161826	2,28857e-05
512	0,005496	5,42105e-05	7,66652e-06
1024	0,0060656	8,34989e-05	1,18085e-05
2048	0,0075776	6,47305e-05	9,15428e-06
4096	0,0093776	0,000156108	2,2077e-05
8192	0,0148816	8,77697e-05	1,24125e-05
16384	0,0268544	0,00396943	0,000561362
32768	0,0488992	0,00495382	0,000700576
65536	0,0980352	0,00665269	0,000940832
131072	0,185008	0,00364326	0,000515235
262144	0,350176	0,00664738	0,000940082
524288	0,683083	0,0134534	0,00190259
1048576	1,34816	0,023057	0,00326075
2097152	2,67229	0,0213884	0,00302478
4194304	5,34018	0,0457628	0,00647184
8388608	10,6587	0,0642305	0,00908357
16777216	20,1672	1,99705	0,282426
33554432	37,6151	4,37668	0,618956
67108864	39,0982	6,42507	0,908642
output_matrix[current_item] = current_item + sqrt(input_matrix[current_item]);	8.81942e-07
..................................................	2
..................................................	4
..................................................	8
..................................................	16
..................................................	32
..................................................	64
..................................................	128
..................................................	256
..................................................	512
..................................................	1024
..................................................	2048
..................................................	4096
..................................................	8192
..................................................	16384
..................................................	32768
..................................................	65536
..................................................	131072
..................................................	262144
..................................................	524288
..................................................	1048576
..................................................	2097152
..................................................	4194304
..................................................	8388608
..................................................	16777216
..................................................	33554432
..................................................	67108864
2	0,00404	0,00124579	0,000176182
4	0,0039216	5,47857e-05	7,74787e-06
8	0,0039184	4,11747e-05	5,82298e-06
16	0,0041552	0,000125621	1,77655e-05
32	0,0042224	4,65355e-05	6,58111e-06
64	0,0046224	0,000156942	2,2195e-05
128	0,004824	4,9156e-05	6,95171e-06
256	0,0050304	0,000195051	2,75843e-05
512	0,0054784	4,91296e-05	6,94797e-06
1024	0,0061248	0,000225789	3,19314e-05
2048	0,0075808	7,50467e-05	1,06132e-05
4096	0,0094912	0,000365986	5,17582e-05
8192	0,0149104	8,83629e-05	1,24964e-05
16384	0,0273232	0,00410078	0,000579938
32768	0,0522	0,0034729	0,000491143
65536	0,098112	0,00603879	0,000854013
131072	0,184483	0,00555863	0,000786109
262144	0,351125	0,00759276	0,00107378
524288	0,683647	0,0118163	0,00167107
1048576	1,34287	0,0156444	0,00221245
2097152	2,67371	0,0248295	0,00351143
4194304	5,33742	0,0421223	0,00595699
8388608	10,6493	0,0727353	0,0102863
16777216	21,282	0,105498	0,0149197
33554432	37,3621	4,56845	0,646076
67108864	38,4196	5,97023	0,844318
output_matrix[current_item] = 42 - sqrt(input_matrix[current_item]);	8.83208e-07
..................................................	2
..................................................	4
..................................................	8
..................................................	16
..................................................	32
..................................................	64
..................................................	128
..................................................	256
..................................................	512
..................................................	1024
..................................................	2048
..................................................	4096
..................................................	8192
..................................................	16384
..................................................	32768
..................................................	65536
..................................................	131072
..................................................	262144
..................................................	524288
..................................................	1048576
..................................................	2097152
..................................................	4194304
..................................................	8388608
..................................................	16777216
..................................................	33554432
..................................................	67108864
2	0,0068576	0,00251808	0,00035611
4	0,0027248	7,65117e-05	1,08204e-05
8	0,0028192	3,45136e-05	4,88096e-06
16	0,0028368	4,63105e-05	6,54929e-06
32	0,0029536	7,01532e-05	9,92116e-06
64	0,0031312	5,60116e-05	7,92124e-06
128	0,0032352	9,02206e-05	1,27591e-05
256	0,0033808	3,5447e-05	5,01296e-06
512	0,0035136	5,32135e-05	7,52553e-06
1024	0,00408	5,36047e-05	7,58085e-06
2048	0,0046816	4,34888e-05	6,15024e-06
4096	0,0060352	0,000128448	1,81653e-05
8192	0,0088864	6,63252e-05	9,3798e-06
16384	0,0150992	0,000265974	3,76144e-05
32768	0,024944	0,000803259	0,000113598
65536	0,0530432	0,00430686	0,000609082
131072	0,10533	0,00700065	0,000990041
262144	0,276637	0,0422833	0,00597977
524288	0,68359	0,0137605	0,00194603
1048576	1,34524	0,0210864	0,00298207
2097152	2,67101	0,0247895	0,00350576
4194304	5,33354	0,0351579	0,00497208
8388608	10,6608	0,0936819	0,0132486
16777216	20,9783	1,09761	0,155225
33554432	33,4169	4,84464	0,685135
67108864	39,1615	5,97231	0,844612
output_matrix[current_item] = current_item - sqrt(input_matrix[current_item]);	8.55185e-07
..................................................	2
..................................................	4
..................................................	8
..................................................	16
..................................................	32
..................................................	64
..................................................	128
..................................................	256
..................................................	512
..................................................	1024
..................................................	2048
..................................................	4096
..................................................	8192
..................................................	16384
..................................................	32768
..................................................	65536
..................................................	131072
..................................................	262144
..................................................	524288
..................................................	1048576
..................................................	2097152
..................................................	4194304
..................................................	8388608
..................................................	16777216
..................................................	33554432
..................................................	67108864
2	0,004856	0,0023523	0,000332666
4	0,0034096	9,68264e-05	1,36933e-05
8	0,0034672	5,01036e-05	7,08572e-06
16	0,0035584	0,000111087	1,571e-05
32	0,0036976	4,36386e-05	6,17142e-06
64	0,0039472	0,00010795	1,52665e-05
128	0,004192	5,82745e-05	8,24126e-06
256	0,0042496	4,16476e-05	5,88986e-06
512	0,004664	0,000119044	1,68353e-05
1024	0,0052192	6,963e-05	9,84717e-06
2048	0,006224	0,000233658	3,30442e-05
4096	0,0079872	9,87895e-05	1,39709e-05
8192	0,0120768	0,000460264	6,50911e-05
16384	0,0204816	0,0013006	0,000183932
32768	0,0350976	0,000504941	7,14094e-05
65536	0,0752928	0,00621053	0,000878302
131072	0,168437	0,0157548	0,00222806
262144	0,350477	0,00808599	0,00114353
524288	0,681475	0,0103112	0,00145823
1048576	1,34827	0,0137028	0,00193787
2097152	2,67499	0,0202246	0,00286019
4194304	5,33493	0,0575433	0,00813785
8388608	10,6788	0,109172	0,0154393
16777216	21,1975	0,581421	0,0822254
33554432	35,5001	5,30962	0,750893
67108864	42,1876	5,51671	0,780181
output_matrix[current_item] = 42 * sqrt(input_matrix[current_item]);	8.96462e-07
..................................................	2
..................................................	4
..................................................	8
..................................................	16
..................................................	32
..................................................	64
..................................................	128
..................................................	256
..................................................	512
..................................................	1024
..................................................	2048
..................................................	4096
..................................................	8192
..................................................	16384
..................................................	32768
..................................................	65536
..................................................	131072
..................................................	262144
..................................................	524288
..................................................	1048576
..................................................	2097152
..................................................	4194304
..................................................	8388608
..................................................	16777216
..................................................	33554432
..................................................	67108864
2	0,0054384	0,00162088	0,000229228
4	0,0048736	3,55573e-05	5,02856e-06
8	0,00488	6,85714e-05	9,69746e-06
16	0,0053024	9,56729e-05	1,35302e-05
32	0,0053248	4,0114e-05	5,67297e-06
64	0,0060672	0,000188734	2,6691e-05
128	0,0062176	4,28839e-05	6,0647e-06
256	0,0068336	0,000334797	4,73474e-05
512	0,0072848	6,13535e-05	8,67669e-06
1024	0,0086272	0,000505799	7,15308e-05
2048	0,0103952	0,000119219	1,68601e-05
4096	0,0141376	0,000778661	0,000110119
8192	0,0212032	0,000124104	1,75509e-05
16384	0,0388864	0,00413031	0,000584114
32768	0,0588336	0,00409845	0,000579608
65536	0,101794	0,0037394	0,000528831
131072	0,185242	0,00564454	0,000798258
262144	0,351197	0,00863808	0,00122161
524288	0,683054	0,0101279	0,0014323
1048576	1,34817	0,0270625	0,00382722
2097152	2,6747	0,0223563	0,00316166
4194304	5,34435	0,0783781	0,0110843
8388608	10,6769	0,104357	0,0147584
16777216	20,3751	1,66599	0,235607
33554432	36,4773	4,57082	0,646411
67108864	44,3228	9,40773	1,33045
output_matrix[current_item] = current_item * sqrt(input_matrix[current_item]);	9.14521e-07
..................................................	2
..................................................	4
..................................................	8
..................................................	16
..................................................	32
..................................................	64
..................................................	128
..................................................	256
..................................................	512
..................................................	1024
..................................................	2048
..................................................	4096
..................................................	8192
..................................................	16384
..................................................	32768
..................................................	65536
..................................................	131072
..................................................	262144
..................................................	524288
..................................................	1048576
..................................................	2097152
..................................................	4194304
..................................................	8388608
..................................................	16777216
..................................................	33554432
..................................................	67108864
2	0,0059856	0,00211559	0,00029919
4	0,004184	3,70329e-05	5,23724e-06
8	0,0043216	0,000153747	2,17431e-05
16	0,0045232	4,02764e-05	5,69595e-06
32	0,0046112	0,000144344	2,04134e-05
64	0,0051456	4,40853e-05	6,23461e-06
128	0,0051952	3,39412e-05	4,80001e-06
256	0,0057664	0,000108228	1,53058e-05
512	0,0059984	4,70936e-05	6,66004e-06
1024	0,0071264	0,000294866	4,17004e-05
2048	0,0083472	8,33737e-05	1,17908e-05
4096	0,0110912	0,000492294	6,96209e-05
8192	0,0167088	0,000565457	7,99677e-05
16384	0,0360096	0,00460558	0,000651327
32768	0,0601584	0,00387796	0,000548426
65536	0,101653	0,00379723	0,00053701
131072	0,18384	0,00456794	0,000646004
262144	0,349709	0,00593018	0,000838654
524288	0,683358	0,0111225	0,00157296
1048576	1,34394	0,0172055	0,00243322
2097152	2,67807	0,0250954	0,00354903
4194304	5,33702	0,0586901	0,00830003
8388608	10,6609	0,0981639	0,0138825
16777216	20,6843	1,59546	0,225632
33554432	36,276	5,1735	0,731644
67108864	37,8746	8,5143	1,2041
output_matrix[current_item] = 42 / sqrt(input_matrix[current_item]);	8.66938e-07
..................................................	2
..................................................	4
..................................................	8
..................................................	16
..................................................	32
..................................................	64
..................................................	128
..................................................	256
..................................................	512
..................................................	1024
..................................................	2048
..................................................	4096
..................................................	8192
..................................................	16384
..................................................	32768
..................................................	65536
..................................................	131072
..................................................	262144
..................................................	524288
..................................................	1048576
..................................................	2097152
..................................................	4194304
..................................................	8388608
..................................................	16777216
..................................................	33554432
..................................................	67108864
2	0,0058784	0,00242793	0,000343361
4	0,0040704	0,00144558	0,000204436
8	0,0036992	3,45135e-05	4,88094e-06
16	0,003768	0,000134498	1,90209e-05
32	0,0039776	7,75797e-05	1,09714e-05
64	0,0043472	0,000169212	2,39302e-05
128	0,0045056	5,92524e-05	8,37955e-06
256	0,0049136	0,000113241	1,60147e-05
512	0,0051744	0,000171383	2,42372e-05
1024	0,0060672	6,5373e-05	9,24513e-06
2048	0,007232	0,00033398	4,7232e-05
4096	0,0093744	9,51939e-05	1,34625e-05
8192	0,0147264	0,000467271	6,60821e-05
16384	0,0257296	0,00136856	0,000193543
32768	0,0492736	0,00451424	0,00063841
65536	0,0967648	0,0039301	0,000555801
131072	0,185795	0,00807713	0,00114228
262144	0,35441	0,01402	0,00198273
524288	0,684351	0,0142233	0,00201148
1048576	1,34857	0,0197979	0,00279985
2097152	2,67252	0,0255024	0,00360659
4194304	5,33682	0,0609549	0,00862032
8388608	10,6379	0,0600754	0,00849595
16777216	20,0466	1,94726	0,275384
33554432	38,4829	3,96476	0,560702
67108864	35,3062	5,26588	0,744708
output_matrix[current_item] = current_item / sqrt(input_matrix[current_item]);	8.59094e-07


Program ended with exit code: 0